Achromobacter -14.1035534699508 0.381260927955511 0
Acinetobacter -11.2153058112128 1.16500797815034 0
Akkermansia -16.1295647658065 0.333795818454827 0
Alcaligenes -10.1836353814732 0.73329003082235 0
Anaplasma -15.1260994593277 0.422311223321478 0
Bacillus -4.55585631890805 1.58643053655646 1
Bacteroides -9.9568953986974 0.19117025310282 2
Bartonella -6.91723552499211 0.325485969209179 0
Bifidobacterium -7.37503943134692 0.118600691702422 1
Blautia -4.68650052718322 0.683831467002745 3
Bordetella -13.1542517957159 0.322458097193246 0
Bradyrhizobium -12.1147183891884 0.543167191143328 0
Campylobacter -11.1158879614069 0.367308064973807 0
Capnocytophaga -15.7380922596205 0.144236088562802 3
Caulobacter -11.5328429109613 0.191469006627906 0
Chlamydia -5.03855619340931 0.204109049645608 3
Chromobacterium -8.14842450452023 0.837505074023604 0
Citrobacter -5.82485263273571 1.15009899246705 0
Clostridioides -4.70043971814109 0.356944579219348 1
Clostridium -6.11669244083194 2.00788392337041 1
Colwellia -8.78135971352466 0.865290997844346 0
Corynebacterium -6.59522100939141 0.271279394382164 1
Coxiella -8.51963625284321 1.16834002156486 0
Cronobacter -6.4093909361377 0.396864662158572 0
Desulfitobacterium -6.74146698640115 0.408567468415169 0
Desulfovibrio -8.56985560833095 0.422036300849703 0
Dichelobacter -13.3260783211782 0.239853412578195 3
Eggerthella -5.79441586635011 0.78726814141389 0
Ehrlichia -15.8554281758618 0.661014936837833 0
Elizabethkingia -8.4908508767403 0.558777808075457 3
Enterobacter -4.4214808667422 0.729653102971995 0
Enterococcus -3.95545283602501 0.642033942085564 1
Erysipelatoclostridium -2.75488750216347 1.23852861086627 3
Escherichia -4.75725160188216 1.01240437043623 0
Faecalibacterium -5.39231742277876 0.675592617247108 1
Flavonifractor -4.71424551766612 0.225044189573646 3
Francisella -5.63204772025817 0.636044318416914 0
Gluconobacter -9.19721669311005 0.465176806942365 0
Haemophilus -9.75988818322183 0.491404649118749 0
Hafnia -6.17492568250068 1.04060081387175 0
Helicobacter -13.7239596916422 0.190057290194099 0
Histophilus -11.5769566647061 0.883624253573884 3
Klebsiella -5 0.555637503056152 0
Lachnoclostridium -7.05528243550119 1.1076094198818 1
Lacticaseibacillus -5.08746284125034 0.453702701808308 1
Lactiplantibacillus -4.58213921915059 0.920604662964214 1
Lactobacillus -4.753180854086 1.09519109372723 1
Lactococcus -5.84549005094437 0.888749745365018 1
Latilactobacillus -4.56985560833095 1.05859859186482 1
Legionella -4.64385618977472 0.0916050575464993 0
Leuconostoc -3.48289214233104 1.2028013491415 1
Listeria -3.4351823597917 0.483065977025486 1
Macrococcus -3.6724253419715 0.446597836780264 1
Marinomonas -7.62205181945638 0.21428632471371 0
Moraxella -13.3904376895605 0.649179013831536 0
Mycobacterium -7.58325808976867 0.0536114625151983 1
Mycobacteroides -9.51766938813381 0.249974699333098 1
Mycoplasma -6.78593556270943 0.654759151642682 1
Myxococcus -8.93957921431469 0.519672209627265 0
Neisseria -12.8400835829794 0.901516235612136 0
Nitrosospira -7.82017896241519 0.424303775938686 0
Ornithobacterium -13.025831668332 0.339974687059711 3
Paenibacillus -6.39231742277876 1.52201525581231 3
Paeniclostridium -3.90689059560852 2.3881855031133 1
Parabacteroides -10.2143191208008 1.67072433066634 3
Pasteurella -9.8665062122262 0.979649515038157 0
Pectobacterium -7.25470194653018 0.718029567205259 3
Pediococcus -4.24792751344359 0.683824372348319 3
Pedobacter -10.4604558963096 0.0367954110913822 1
Phascolarctobacterium -3.7279204545632 0.343597422440021 3
Phocaeicola -9.23311990038635 0.174002483630589 3
Proteus -6.58496250072116 1.13381992673026 3
Providencia -5.92899049756379 1.72173471481291 0
Pseudomonas -9.14660985901135 0.503107770386587 0
Ralstonia -9.13442632022093 0.303231464956319 0
Rhodopseudomonas -9.1006623390052 0.596163772734409 0
Roseburia -6.65821148275179 0.0274362004311604 0
Salinibacter -10.9061389961954 0.427998343520068 0
Serratia -6.89481776330794 1.3959656127017 0
Shewanella -7.24792751344359 0.241645325030901 0
Shigella -4.5077946401987 0.786836668484631 0
Staphylococcus -3.7120851260037 0.343186900079554 1
Streptococcus -6.08342928652102 0.886981854841514 1
Taylorella -8.02236781302845 0.520260536135457 3
Thermoanaerobacterium -3.75488750216347 0.965763162717764 1
Turicibacter -4.24792751344359 1.84144921904639 3
Veillonella -3.32192809488736 0.0264301569460819 3
Vibrio -6.4757334309664 0.204807835332566 0
Weissella -4.14270110943112 1.64928576682859 0
Weizmannia -6.2240016741981 1.98791260066606 0
Yersinia -6.52356195605701 1.27313256323388 0
Zymomonas -14.0858873486216 0.111254732026592 0