mean log2 ori/ter Max log2ratio pval!=0 pval>2 MaxConfInt MinConfInt
Acetobacter_pasteurianus 0.505823225948524 1.05774688177585 0.727989100637159 0.993072699988597 0.857660745790205 0.153985706106843
Agrobacterium_tumefaciens 0.31432254889994 0.970277694856802 0.0720594754507515 0.999999906785606 0.469880757704355 0.158764340095526
Anaplasma_phagocytophilum 0.422311223321478 0.475828135956546 0.000880434761212884 0.999999429313848 0.475860846167206 0.36876160047575
Bartonella_australis 0.336279529791152 2.3854698749267 1 0.960077494751907 1.09694219055502 -0.424383130972716
Bartonella_kosoyi 0.244450361979896 0.329938956975386 9.56583141886601e-06 0.999999999999646 0.281870250486488 0.207030473473304
Bartonella_krasnovii 0.314692408627205 0.455487744204716 0.000474994144900545 0.999999996787022 0.377212215751855 0.252172601502555
Bradyrhizobium_japonicum 0.543167191143328 1.19974291093208 0.000213196393733394 0.99999503178576 0.696074989266843 0.390259393019814
Brucella_abortus 0.0767002336330644 0.401067851293478 1 1 0.140675247812929 0.0127252194531993
Brucella_canis 0.186032446309256 0.359212794155677 0.00345157148776915 0.999999999999917 0.250352494756998 0.121712397861515
Brucella_ceti 0.0723882229393105 0.312577206259379 1 0.99999938870821 0.189515858032627 -0.0447394121540061
Caulobacter_vibrioides 0.191469006627906 0.603860062484932 0.158831661173033 0.999999999905674 0.298754351205821 0.0841836620499899
Ehrlichia_chaffeensis 0.661014936837833 1.46780660498453 0.000639506771691807 0.99892014560756 0.854971783147948 0.467058090527717
Gluconobacter_oxydans 0.465176806942365 0.906881875651112 0.000560996003083911 0.999999539521789 0.577485572842431 0.352868041042299
Haematospirillum_jordaniae 0.748446420714185 0.909231741769838 3.45190194692195e-06 0.999967137106939 0.825220293910146 0.671672547518224
Nitrospirillum_amazonense 0.56972661345828 0.807628871407978 0.0427030627585022 0.999287604844807 0.743757968070884 0.395695258845676
Ochrobactrum_anthropi 0.0148303142253589 0.137208348434296 1 0.999814951787001 0.188401335100546 -0.158740706649828
Rhizobium_etli 0.419399693462892 0.633627810264263 0.618740004232167 0.998730775948524 0.686639922973629 0.152159463952155
Rhizobium_pusense 0.250821759314374 0.364165248665581 0.125387264742179 0.999996439033072 0.351281311956998 0.150362206671749
Rhodobacter_capsulatus 0.0427799698137424 0.0796047623634878 1 0.99999972700744 0.0889623911112896 -0.00340245148380485
Rhodopseudomonas_palustris 0.596163772734409 1.07699235873822 2.36257100256343e-07 0.999999878372777 0.696662199049902 0.495665346418917
Sinorhizobium_meliloti 0.0281124260291432 0.189765721819548 1 1 0.0666144727745609 -0.0103896207162746
Sphingomonas_melonis 0.034577762065273 0.380359106646174 1 0.99999999992189 0.129342007587197 -0.0601864834566507
Sulfitobacter_pseudonitzschiae 0.237657659445789 0.395096955913175 2.42548273214626e-15 1 0.258230898084718 0.217084420806859
Thalassospira_xiamenensis 0.0248320586793696 0.881185055833126 1 0.999999991766037 0.185674270035352 -0.136010152676613
Zymomonas_mobilis 0.111254732026592 0.246856862939592 0.000462966794849854 1 0.140553533598329 0.0819559304548548
Achromobacter_denitrificans 0.288732882178839 1.00572002798611 1 0.991069305716489 0.7978745934974 -0.220408829139722
Achromobacter_insolitus 0.473788973732183 0.839337084841262 0.764648231414733 0.995567145347089 0.799329580833278 0.148248366631089
Alcaligenes_faecalis 0.73329003082235 1.25396468752896 0.56129560149192 0.883976045557061 1.2152933969816 0.251286664663099
Bordetella_avium 0.475302641788459 0.974774905528902 0.147520741710772 0.999497192235939 0.69099341248242 0.259611871094498
Bordetella_bronchiseptica 0.438033475599887 0.800830441680553 2.25764592884986e-05 0.999999997592515 0.533431737711167 0.342635213488607
Bordetella_parapertussis 0.192461732081864 0.453503869398089 9.17991186176806e-05 1 0.246658387757448 0.138265076406281
Bordetella_pertussis 0.155843618911591 0.28659855993697 4.69361035286017e-06 1 0.191572418885287 0.120114818937896
Bordetella_pseudohinzii 0.350649017584426 0.569731513318327 0.326763916863428 0.999909173908293 0.545250439453209 0.156047595715644
Burkholderia_cenocepacia 0.737713556149963 1.25329370252126 8.69788416476427e-06 0.998341999334774 0.89902979218228 0.576397320117645
Burkholderia_cepacia 0.781913161984079 1.59356140071635 2.26488265296353e-05 0.986696697671474 0.971465605501453 0.592360718466705
Burkholderia_dolosa 0.143962369697402 0.403893215124312 0.56129560149192 0.9999999984609 0.242918445664026 0.0450062937307773
Burkholderia_glumae 0.243861257200304 0.383877606854803 0.0849903053167541 0.999999309575227 0.34132239113156 0.146400123269048
Burkholderia_mallei 0.643092237239314 1.06671627734331 6.62416310368569e-05 0.999877841746094 0.802315277594553 0.483869196884076
Burkholderia_multivorans 0.360097742863873 0.780045136492964 0.000878552878772817 0.999999999354019 0.478910770805955 0.241284714921791
Burkholderia_oklahomensis 0.219742005394978 0.380090081526804 0.199612721698386 0.999998937318042 0.327928084789387 0.11155592600057
Burkholderia_pseudomallei 0.221378412110383 0.575679074131046 0.00341240200041663 0.999999999999977 0.304557703342823 0.138199120877943
Burkholderia_seminalis 0.724790838617427 1.30050811686693 0.0347131348391763 0.979723300266022 0.98433358679083 0.465248090444024
Burkholderia_thailandensis 0.535869567873162 1.26856388899534 0.0053296767478119 0.999907405114848 0.745961488435842 0.325777647310482
Burkholderia_ubonensis 0.166434668233311 0.399159022188086 0.00849340906674979 0.999999999999999 0.234021349569048 0.098847986897573
Chromobacterium_haemolyticum 1.43229412821849 1.78244404222178 0.0195363664336742 0.00705595014568845 1.7206119444475 1.14397631198948
Chromobacterium_violaceum 0.242716019828718 1.12981399628568 1 0.999992443508452 0.45975114553603 0.0256808941214054
Neisseria_cinerea 0.162215737179536 0.513632423418077 0.524906718827664 0.999999999719345 0.274417595570649 0.0500138787884226
Neisseria_gonorrhoeae 0.928104549710684 1.19591949658645 2.83563909945501e-05 0.888123589454805 1.05382348728865 0.802385612132714
Neisseria_musculi 0.989695884336403 1.02773245553451 1.00929281498825e-10 0.79883003750997 1.01656680810479 0.962824960568014
Neisseria_polysaccharea 0.688616512311793 2.13762182461649 0.670551044090149 0.907883977859939 1.17840119298171 0.198831831641877
Neisseria_subflava 0.786748272789321 1.32407737609354 3.31930897385305e-06 0.997316563112191 0.924863368061069 0.648633177517573
Nitrosospira_multiformis 0.424303775938686 0.761014946736777 0.00968597966284674 0.999996704294076 0.564512350657776 0.284095201219596
Paraburkholderia_tropica 0.237292932223118 0.610189542693152 1 0.999656956268962 0.500361790818641 -0.0257759263724057
Ralstonia_pseudosolanacearum 0.0681394232704562 0.397583192109146 1 0.999999999999987 0.164403193920007 -0.0281243473790949
Ralstonia_solanacearum 0.303231464956319 0.726870972025147 0.00177117085762236 0.999999999930455 0.405727300974295 0.200735628938344
Taylorella_equigenitalis 0.520260536135457 0.946263182521471 6.80829304437628e-08 0.99999999942912 0.611699421415493 0.42882165085542
Desulfovibrio_vulgaris 0.422036300849703 0.580784567067452 1.83982857511864e-06 0.999999999932683 0.496813350493266 0.34725925120614
Lawsonia_intracellularis 0.206020372234493 0.78125349685509 1 0.996375691465149 0.673483937701101 -0.261443193232114
Myxococcus_xanthus 0.519672209627265 0.699505559988981 6.1953277070391e-13 0.999999999999995 0.566987199609377 0.472357219645153
Campylobacter_armoricus 0.537053675544883 0.79568156887892 0.0347131348391763 0.999601420473803 0.741348290092865 0.3327590609969
Campylobacter_fetus 0.197270223721725 0.497138387259344 0.0518908447268072 0.999999999892056 0.288057644908122 0.106482802535328
Campylobacter_helveticus 0.341265783446899 0.635182633298119 0.00148235993454729 0.999999989837978 0.433756141548927 0.248775425344871
Campylobacter_hepaticus 0.540496151412417 0.938229212133643 1.93149964198842e-10 0.999999999993804 0.604703560741449 0.476288742083385
Campylobacter_hyointestinalis 0.369304758637119 0.615526082942337 0.00563396730303129 0.999999834543172 0.487974555813735 0.250634961460503
Campylobacter_jejuni 0.724502722690052 1.2561771329734 0.000145934211153911 0.997312735783003 0.902971562847859 0.546033882532246
Campylobacter_lari 0.521819798408894 0.745888273591915 0.00283592559239525 0.999981561566779 0.666023864842896 0.377615731974892
Campylobacter_sputorum 0.247442835825676 0.401752747657446 0.0131610323684562 0.999999988655716 0.327992422664454 0.166893248986897
Campylobacter_subantarcticus 0.232608741457304 0.269355668042858 0.109993010537195 0.999983528583247 0.292798734224833 0.172418748689775
Campylobacter_upsaliensis 0.111326985571641 0.361840877628785 0.316427129715491 0.999999999998692 0.180368165897273 0.0422858052460086
Campylobacter_volucris 0.191254756468362 0.551203369257197 0.116533793413061 0.99999999988576 0.292029597584427 0.0904799153522974
Helicobacter_acinonychis 0.279270460601972 0.441126642796322 1 0.998906607527845 0.510767569221161 0.047773351982783
Helicobacter_pylori 0.100844119786226 0.253406601815709 0.0720594754507515 0.999999999999999 0.150877763008605 0.0508104765638478
Citrobacter_amalonaticus 0.477022361224799 0.821222157951773 0.0286038297056195 0.999935547083574 0.652673426604034 0.301371295845564
Citrobacter_freundii 0.9797837858439 1.17344397235047 6.97741347370223e-05 0.641166780692164 1.10673771820798 0.852829853479821
Citrobacter_portucalensis 1.08600129619483 1.43635059351244 0.326763916863428 0.291508900147761 1.53223344883241 0.639769143557258
Citrobacter_werkmanii 1.21419668873927 1.47943147347136 3.57482625639235e-07 0.000997757584640559 1.32692555551896 1.10146782195957
Cronobacter_malonaticus 0.0241477946680621 0.219324224151061 1 0.999999973944431 0.140246333308901 -0.0919507439727766
Cronobacter_sakazakii 0.396864662158572 0.660193161066749 0.002957252274135 0.999999832523196 0.519568319987366 0.274161004329779
Enterobacter_chengduensis 0.10190465836882 0.74823518335997 1 0.997565608246401 0.582522259239671 -0.378712942502031
Enterobacter_ludwigii 1.8881721730286 2.34017170940509 0.00121454854112713 0.000452058665910723 2.2698503532309 1.50649399282629
Enterobacter_roggenkampii 1.29825890239593 2.12501266328509 2.24690654523512e-07 0.00389871941231507 1.5054114073933 1.09110639739857
Enterobacter_sichuanensis 0.788795748151232 1.21243347168689 1 0.777356926450708 1.55565840606176 0.0219330902407054
Escherichia_albertii 1.21340169210631 2.19456166727766 0.0182647197594117 0.135105310502455 1.62885646125199 0.79794692296063
Escherichia_coli 0.926315104294602 1.57319876221847 0.000338172299356728 0.757286652219738 1.15097540830016 0.701654800289048
Escherichia_fergusonii 0.897496314907767 1.28879091138733 5.30407324392727e-08 0.954869520142833 1.01831687058862 0.776675759226915
Escherichia_marmotae 0.98409198237384 1.29160034985257 6.22680358972049e-14 0.686945834646646 1.05173214482628 0.916451819921396
Klebsiella_aerogenes 0.555637503056152 1.13213348836003 0.0218690992217728 0.999515748835641 0.77051303602043 0.340761970091873
Shigella_flexneri 0.786836668484631 1.51540861396768 0.00415086703773145 0.939078451351316 1.06445161370604 0.509221723263226
Acinetobacter_baumannii 1.12218870310191 1.93916506362346 0.000195913569934986 0.141636479610261 1.36228450951811 0.882092896685705
Acinetobacter_baylyi 0.918569496856802 1.86710485866269 8.0124385654957e-05 0.800033933438101 1.1218626421366 0.715276351577003
Acinetobacter_calcoaceticus 2.01457445384229 2.39208560721016 0.221544850134176 0.00987038134867713 2.72222487325725 1.30692403442733
Acinetobacter_junii 0.604699258800371 0.786207303898767 0.00531925038877739 0.999855229157957 0.718176767955034 0.491221749645708
Acinetobacter_nosocomialis 2.23692305346661 3.14635649686218 0.626234307930162 0.0324483158550681 3.5961416613781 0.877704445555124
Aeromonas_salmonicida 0.976402720881874 1.61301492669425 5.77869936271999e-05 0.595014055386083 1.18555170990914 0.767253731854612
Colwellia_psychrerythraea 0.865290997844346 1.23034300394522 0.00769727112855667 0.867761547295188 1.12416301822441 0.606418977464286
Coxiella_burnetii 1.16834002156486 2.56186422046597 4.54850847559925e-05 0.101214848060364 1.43831571458491 0.898364328544805
Dichelobacter_nodosus 0.239853412578195 0.491164561794189 0.0182647197594117 0.999999999131162 0.333255388694799 0.146451436461591
Francisella_noatunensis 0.877143872371571 1.29165469743626 1.79523184973293e-10 0.98524091728838 0.986403269320179 0.767884475422964
Francisella_orientalis 0.316363342766132 0.557728666378272 6.77909458019381e-05 0.999999999995359 0.39486781670479 0.237858868827475
Francisella_philomiragia 0.714625740113037 1.36568973331337 1 0.84807866707884 1.44835529713373 -0.0191038169076529
Haemophilus_haemolyticus 0.704199892318668 1.30942359511832 9.55643021358706e-05 0.998398953870092 0.884170677967661 0.524229106669675
Haemophilus_influenzae 0.491404649118749 0.908216849446728 0.000586885091168679 0.999998803406037 0.62960363744216 0.353205660795338
Hafnia_alvei 1.04060081387175 1.14136393818408 0.0405561710575599 0.264472247647261 1.22259966590315 0.858601961840356
Histophilus_somni 0.883624253573884 1.32438247853146 8.09809760625681e-08 0.953212041673113 1.0219940111563 0.745254495991464
Legionella_pneumophila 0.0916050575464993 0.238244766259856 0.125387264742179 0.999999999999918 0.139043979936759 0.0441661351562392
Marinomonas_mediterranea 0.21428632471371 0.379762493111502 0.159181826318686 0.999999778286441 0.318927299755419 0.109645349672
Moraxella_catarrhalis 0.649179013831536 1.06343627103106 3.45190194692195e-06 0.9999805207317 0.781701590229 0.516656437434072
Moraxella_osloensis 0.0140345291576993 0.222295394571022 1 0.999999998298077 0.0970461786015694 -0.0689771202861708
Pantoea_agglomerans 0.29786092489725 1.30328859699605 1 0.999069336119009 0.663342104069938 -0.0676202542754385
Pasteurella_multocida 0.979649515038157 1.30040116188801 1.06403360653874e-06 0.645060233063309 1.09810253349078 0.861196496585531
Pectobacterium_brasiliense 1.06323585014253 1.5296106737521 0.0925614943329463 0.316215240544604 1.40283368112233 0.723638019162725
Pectobacterium_carotovorum 0.372823284267994 0.837064538064781 1 0.973479647475359 1.01540667516648 -0.269760106630497
Proteus_mirabilis 1.13381992673026 1.76429708341527 1.91220418404717e-06 0.0993813522048286 1.34596377905036 0.921676074410164
Providencia_alcalifaciens 1.38608518864117 2.84542530197057 0.0352341448710582 0.054883763441774 1.8846621718644 0.887508205417937
Providencia_rettgeri 0.945687229632122 1.37613544621024 0.00408943637120621 0.730915431076449 1.14931650337894 0.742057955885304
Providencia_stuartii 2.05738424098465 2.69482038162781 0.00051661754611301 0.000181830424585186 2.47098930118566 1.64377918078364
Pseudomonas_aeruginosa 0.559627725099801 1.5945502966388 0.109993010537195 0.997142153825025 0.842973133257892 0.276282316941711
Pseudomonas_amygdali 0.807286360229467 2.22361594773948 1 0.641823993330374 2.34295351285127 -0.728380792392334
Pseudomonas_balearica 0.30514648393325 0.662149573017964 0.138960947136582 0.999997408092381 0.455179863203394 0.155113104663105
Pseudomonas_lurida 0.379126753379139 1.52830891028337 1 0.966791461341005 1.0613106521257 -0.30305714536742
Pseudomonas_protegens 0.698146675489038 0.865820276637509 0.0127393919826833 0.997637526526543 0.858544675639876 0.5377486753382
Pseudomonas_simiae 0.639063286708729 1.05203929484123 1 0.934402623258815 1.19601939024378 0.0821071831736789
Pseudomonas_stutzeri 0.313554680702115 0.440636660600077 0.00667870886531309 0.999999876124938 0.397553547112195 0.229555814292036
Pseudomonas_viridiflava 0.412597771493412 0.900106750742473 1 0.986342529648857 0.892482409952746 -0.0672868669659219
Serratia_plymuthica 1.3959656127017 1.59539134324711 0.000104528872473149 0.00092009497780438 1.58871678321211 1.2032144421913
Shewanella_baltica 0.241645325030901 1.02597469567023 1 0.999021433878438 0.614919207024273 -0.131628556962471
Vibrio_anguillarum 0.821158989350645 1.81760152519544 0.00283592559239525 0.935421623305762 1.06209790861956 0.580220070081727
Vibrio_cholerae 0.204807835332566 0.873692237374334 0.873227246145103 0.999999975660587 0.366666379311561 0.0429492913535717
Vibrio_fluvialis 0.376079801231571 0.493124975692384 6.46730150934833e-05 0.99999999799663 0.440409466501282 0.31175013596186
Vibrio_harveyi 0.166042051054282 1.41218391839345 1 0.999999623245126 0.385844180576545 -0.053760078467981
Vibrio_mediterranei 0.0119126586736805 0.183011417423933 1 0.999999999960064 0.0775290414148474 -0.0537037240674865
Vibrio_natriegens 0.728572106405707 1.27442681914517 0.00917851683656535 0.991402894139292 0.935259445651465 0.52188476715995
Vibrio_owensii 1.55828679347429 1.81364257039595 1.93149964198842e-10 9.77850181344991e-09 1.63636186795745 1.48021171899112
Vibrio_parahaemolyticus 0.366959137553972 0.675392794249916 0.0720594754507515 0.999994471695028 0.531197721239197 0.202720553868748
Vibrio_vulnificus 0.252826508217993 0.457296202381682 0.00256474029087472 0.999999999944672 0.332626886461 0.173026129974985
Yersinia_ruckeri 1.27313256323388 1.68222946994389 1.34047280891316e-08 0.00158139269563636 1.43902691246999 1.10723821399777
Bifidobacterium_pseudolongum 0.118600691702422 0.241382327484198 0.704256347121633 0.999999903660795 0.200134007862062 0.0370673755427826
Corynebacterium_diphtheriae 0.348756036520974 0.600880076591996 0.00495496068882809 0.999999974354282 0.467627518081456 0.229884554960493
Corynebacterium_ulcerans 0.193802752243353 0.692777925825308 0.0444360995325969 0.999999999999309 0.287231350411036 0.10037415407567
Eggerthella_lenta 0.78726814141389 0.989034623797075 0.0577044347212418 0.956044231630197 1.04565885660091 0.528877426226872
Mycobacterium_leprae 0.0587796873912754 0.104939615246608 0.00714121569221073 1 0.0782600124524598 0.039299362330091
Mycobacterium_tuberculosis 0.0484432376391211 0.322208404923404 1 1 0.102998175179053 -0.00611169990081055
Mycobacteroides_abscessus 0.249974699333098 0.752433288680932 1 0.999476042067139 0.533543751810906 -0.0335943531447096
Bacteroides_fragilis 0.364334635432141 0.701305110252175 0.00403278949231946 0.999999940335063 0.481214828066961 0.24745444279732
Bacteroides_ovatus 0.0180058707735 0.489196186300719 1 0.999994802975362 0.270851092648289 -0.23483935110129
Capnocytophaga_canimorsus 0.144236088562802 0.416823097540777 1 0.999996199910142 0.291623353361004 -0.00315117623539935
Elizabethkingia_anophelis 0.558777808075457 0.907312626665611 0.0317483918138935 0.999516164809747 0.738827774275488 0.378727841875426
Ornithobacterium_rhinotracheale 0.339974687059711 0.549890742356338 0.517378518240282 0.999679307758153 0.529595871515333 0.150353502604088
Parabacteroides_distasonis 1.67072433066634 3.28980875502464 0.346233714368692 0.074520843059929 2.6491200467956 0.692328614537085
Pedobacter_heparinus 0.0367954110913822 0.23059321013196 1 0.999998029016663 0.151403547119446 -0.0778127249366815
Phocaeicola_dorei 0.168691476579548 0.49157750480275 0.221544850134176 0.99999999993113 0.268172905649125 0.0692100475099717
Phocaeicola_vulgatus 0.179313490681629 0.511037918479616 0.524535335043712 0.999999999744726 0.304234011284285 0.0543929700789744
Prevotella_melaninogenica 0.181757933914329 0.552009480574212 1 0.999998517935682 0.345840165150205 0.0176757026784516
Salinibacter_ruber 0.427998343520068 1.33023142914855 0.0256829810246718 0.999995623328018 0.621007338522502 0.234989348517635
Mycoplasma_mycoides 1.03062538751847 1.69850273595772 5.28783580967981e-06 0.384426932516314 1.24782205309718 0.813428721939756
Mycoplasma_pneumoniae 0.278892915766899 0.46914562473411 2.83971071153576e-06 0.999999999999998 0.337063988035035 0.220721843498763
Acetivibrio_thermocellus 0.71276634678632 1.35190088547964 1.06811844647465e-06 0.999660067028082 0.861122065266422 0.564410628306218
Bacillus_altitudinis 1.41849186792339 1.73768304594161 0.00384124576381471 0.00366050608808174 1.66548100250578 1.17150273334099
Bacillus_amyloliquefaciens 1.35485439166819 2.07763113089059 4.92755871689577e-08 0.00070350019003455 1.54854636456985 1.16116241876653
Bacillus_anthracis 1.59404069516103 3.65847842411245 0.000122172803511338 0.00342305317796282 1.99625064929901 1.19183074102304
Bacillus_cytotoxicus 2.69244251180479 3.11093806512849 0.0138925020665015 0.000338208563316852 3.1854142799762 2.19947074363338
Bacillus_licheniformis 1.27335744907503 1.90976790510425 1.3294973271471e-06 0.00460188046746513 1.46553471752476 1.0811801806253
Bacillus_safensis 1.46806546463589 1.92341301301253 1.2027009028385e-05 0.000148025783430067 1.64560291501937 1.29052801425242
Bacillus_subtilis 1.41187607755876 2.27881171009036 6.71308709544989e-09 7.76586010726969e-05 1.58710260073533 1.2366495543822
Bacillus_toyonensis 3.42331466903289 5.25897465459426 0.0216567792968034 0.000578194016036393 4.44650834899489 2.4001209890709
Bacillus_velezensis 1.47831583462461 2.34240772422829 1.21270853826421e-09 1.3426367332381e-05 1.65299474553128 1.30363692371794
Blautia_producta 0.683831467002745 0.839896055181583 0.0427030627585022 0.996502710585744 0.856036971795366 0.511625962210125
Clostridioides_difficile 0.356944579219348 0.550908919648426 0.0792025742267696 0.999993477273461 0.51405582325141 0.199833335187287
Clostridium_botulinum 2.0350368906378 3.18621930919896 0.843126197405621 0.0427880537977158 3.33803764344936 0.732036137826243
Clostridium_butyricum 1.65880100762977 3.40171564834132 0.159841744567412 0.0408716836200916 2.4305805994915 0.887021415768043
Clostridium_chauvoei 2.19703674009508 3.69867081230158 3.67120846357802e-08 1.86336784775272e-07 2.48456424630006 1.9095092338901
Clostridium_cochlearium 1.38793195908788 2.04693542484591 1 0.191343294294974 2.59792221199076 0.177941706185001
Clostridium_perfringens 1.56487623490102 2.66908883855947 0.000609942939216508 0.00810725571017646 2.00697557648462 1.12277689331743
Clostridium_saccharobutylicum 2.03991512510784 3.00244107363003 9.28576286018357e-10 3.66774657975755e-08 2.27665381456238 1.8031764356533
Clostridium_sporogenes 2.20255462611028 3.43984711045745 0.777706505518551 0.0329863954908839 3.55297488773276 0.8521343644878
Desulfitobacterium_hafniense 0.408567468415169 0.75960652953913 0.326763916863428 0.999555882911475 0.624271550865199 0.192863385965139
Enterococcus_casseliflavus 0.553642927480022 1.02588356714077 0.0840469141719942 0.998574306342307 0.789010254485863 0.318275600474182
Enterococcus_cecorum 0.588436119434393 0.874590055403447 1 0.912699970592349 1.32779140504469 -0.150919166175902
Enterococcus_faecium 0.247152437299111 0.535656462081449 0.157683602359213 0.999999659939263 0.371712242357303 0.122592632240919
Enterococcus_hirae 0.628586458945654 1.21260185491101 0.0081965779112144 0.997528765305348 0.867697943402261 0.389474974489047
Enterococcus_mundtii 1.13875394461747 1.87775536754313 1.93741033900847e-07 0.0502294906142194 1.30796964077511 0.969538248459821
Erysipelatoclostridium_ramosum 1.23852861086627 1.81063316797028 0.843126197405621 0.202995208530906 2.0256627644115 0.451394457321042
Faecalibacterium_prausnitzii 0.675592617247108 1.68860988311093 0.16046072488764 0.969261014336173 1.01976997152541 0.331415262968803
Flavonifractor_plautii 0.225044189573646 0.515912486477581 1 0.999986973894622 0.448703995835141 0.00138438331215131
Lachnoclostridium_phytofermentans 1.1076094198818 1.43677662850223 1.78746752362757e-11 0.024591086910793 1.21478704644513 1.00043179331847
Lacticaseibacillus_paracasei 0.453702701808308 0.877596560024243 6.59285822311608e-06 0.999999998863134 0.550879439483577 0.356525964133039
Lacticaseibacillus_zeae 0.107822202749206 0.342958270569864 1 0.99999999957538 0.231364906711605 -0.0157205012131929
Lactiplantibacillus_pentosus 1.01329877148446 1.1347679055871 0.000934585974281948 0.348560230937467 1.10154082380591 0.925056719163014
Lactiplantibacillus_plantarum 0.827910554443965 1.35982685099498 0.000115306358170372 0.951294468621346 1.03569892482538 0.620122184062549
Lactobacillus_acidophilus 1.22355963035427 1.89808106379679 1.1375772295474e-09 0.00617619568104243 1.39284534427304 1.0542739164355
Lactobacillus_gasseri 1.14138810465355 2.20111184236496 3.39916425724328e-06 0.107993435064405 1.37405682557464 0.908719383732456
Lactobacillus_helveticus 1.9988857339772 2.66079146053154 4.97703152307585e-12 1.7680839141159e-09 2.20287538643427 1.79489608152014
Lactobacillus_jensenii 0.016930905923898 1.11836733191989 1 0.999910163081686 0.39641756568271 -0.362555753834914
Lactococcus_cremoris 1.66243642195522 2.34058010078363 8.75578842587052e-05 0.000335257451906586 1.95791859729192 1.36695424661852
Lactococcus_garvieae 0.888749745365018 1.34401955334364 0.00445919299469699 0.804348410556799 1.16539778708547 0.612101703644569
Latilactobacillus_sakei 1.05859859186482 1.29769157997084 0.0017883007502258 0.245147502843372 1.25379177944959 0.863405404280042
Leuconostoc_carnosum 0.508819228469236 1.11656001969979 0.00264329821760496 0.999988004078697 0.670023557883017 0.347614899055454
Leuconostoc_mesenteroides 1.89678346981376 3.51817778869718 0.000210669503387075 0.000586907259738701 2.3590101370869 1.43455680254063
Levilactobacillus_brevis 1.20765695906751 2.1500517722431 1.07638099849954e-05 0.0315851787771375 1.42865157299756 0.986662345137463
Ligilactobacillus_salivarius 1.48122057998902 2.34298847904083 9.97672606178286e-05 0.00824531694496325 1.8612441981437 1.10119696183434
Listeria_grayi 0.437074836385199 0.508476479027342 0.0427030627585022 0.999909141719644 0.515209130149617 0.358940542620781
Listeria_ivanovii 0.338119185982361 0.82986898640642 1 0.999530840045074 0.637824957944229 0.0384134140204926
Listeria_monocytogenes 0.419201446267828 0.762154886080598 0.00629762525048439 0.999999111533502 0.566324711515559 0.272078181020097
Listeria_seeligeri 0.613489648224438 0.812154404958641 3.78745972541901e-06 0.999998645551409 0.715453580942948 0.511525715505929
Listeria_welshimeri 0.561453627627317 0.80128161136594 0.000175003005398828 0.999994693835219 0.688471629442832 0.434435625811801
Macrococcus_canis 0.446597836780264 0.839399074094889 0.0720594754507515 0.999905727313689 0.630117029845903 0.263078643714626
Macrococcus_caseolyticus 0.251443925086149 0.363555146554787 0.0150668433627127 0.99999996036193 0.32910335737625 0.173784492796049
Mammaliicoccus_vitulinus 0.681238257686068 0.871867527859287 1.51212837000657e-05 0.999978536785698 0.77924493831386 0.583231577058275
Paenibacillus_larvae 0.725488536940437 1.18826477202649 4.00473155731195e-09 0.999994459846117 0.818234190789917 0.632742883090956
Paenibacillus_odorifer 2.31854197468419 2.51635494279038 3.458309162773e-05 1.46297829995693e-06 2.46627518000512 2.17080876936326
Paeniclostridium_sordellii 2.3881855031133 3.90919777705244 0.0802389579062834 0.00429351117393293 3.24021693209164 1.53615407413497
Pediococcus_acidilactici 0.71400242724613 1.29885618442279 2.78874242813146e-05 0.99813909355693 0.894412435547056 0.533592418945203
Pediococcus_pentosaceus 0.653646317450509 1.865169541687 0.0334093709428197 0.990771305838785 0.929551483164501 0.377741151736517
Phascolarctobacterium_faecium 0.343597422440021 0.877427958539685 8.91246428078856e-07 0.999999999999973 0.414278308355892 0.27291653652415
Roseburia_intestinalis 0.0274362004311604 0.316669657435794 1 0.998981352334489 0.405731264082822 -0.350858863220501
Staphylococcus_aureus 0.444027395627759 0.797332080861976 0.00881824785148018 0.999996153509858 0.606536747649633 0.281518043605884
Staphylococcus_capitis 0.192484927996302 1.11195116535875 1 0.999999829217148 0.404414305782531 -0.019444449789926
Staphylococcus_epidermidis 0.163936165666878 0.680688600656309 1 0.999999895022696 0.346979174121959 -0.0191068427882023
Staphylococcus_equorum 0.37745049841282 0.53847612568966 1 0.99546073958535 0.705182902697793 0.0497180941278473
Staphylococcus_haemolyticus 0.761729025479137 1.15627142769593 5.31619135906876e-07 0.999321389579539 0.891199942933674 0.632258108024601
Staphylococcus_hyicus 0.533186836255319 0.960262947769748 3.64013058615183e-08 0.999999999449068 0.612187840248397 0.45418583226224
Staphylococcus_lugdunensis 0.287742431791868 0.498895333655885 0.000473097487708516 0.999999999887646 0.360055528808888 0.215429334774847
Staphylococcus_pettenkoferi 0.197255446147027 0.300761318239167 0.843126197405621 0.999868699978753 0.323305839848444 0.0712050524456106
Staphylococcus_pseudintermedius 0.430999121862742 0.743466779947889 0.000586885091168679 0.999999923694192 0.552194906155609 0.309803337569875
Staphylococcus_schweitzeri 0.665902584158727 0.841158825982543 0.30701945905649 0.986068767126358 0.931184269673572 0.400620898643882
Staphylococcus_warneri 0.134117737504469 0.40583171602479 1 0.999999999839168 0.25371431483438 0.014521160174557
Staphylococcus_xylosus 0.043057151555689 0.338481412820623 1 0.999871236582567 0.311074682513135 -0.224960379401757
Streptococcus_agalactiae 0.259500491752041 0.59890122096057 0.128784897078252 0.999999795286464 0.389154229692887 0.129846753811195
Streptococcus_anginosus 0.851929725506512 1.39953870358028 0.187949529840882 0.793322679921036 1.26425031170267 0.439609139310359
Streptococcus_dysgalactiae 0.361385987901232 0.688116426633259 0.524193886507333 0.999681492838781 0.578166007312523 0.144605968489941
Streptococcus_gallolyticus 0.956507778150049 1.66153395682217 0.248084482688985 0.575970596282938 1.47378669969382 0.439228856606278
Streptococcus_gordonii 0.834499543964228 1.03685934255931 0.192635784449004 0.923286697342746 1.11151065436409 0.557488433564363
Streptococcus_intermedius 0.715951432901139 0.775959561278583 1.87390379574402e-06 0.999997535777308 0.76984216302124 0.662060702781037
Streptococcus_lutetiensis 1.71263315137415 2.34985994330026 0.415164164336834 0.0310603370254957 2.49264611025997 0.932620192488328
Streptococcus_mutans 0.473535732052822 0.758956012809255 0.00551443914081928 0.999993275586239 0.641822131446014 0.30524933265963
Streptococcus_oralis 0.936808222771605 1.17782812171005 0.00952570845320976 0.771040195827873 1.13885607654178 0.734760369001428
Streptococcus_pasteurianus 1.26145661981426 1.74878729965859 1 0.280391129257479 2.53723372874411 -0.0143204891155911
Streptococcus_pyogenes 1.12202026188052 2.72981916208204 0.969532184696472 0.362914351171924 1.96744414781009 0.27659637595094
Streptococcus_suis 1.14820411382296 1.47208575058803 0.000841990902349786 0.102257321239179 1.39560829338585 0.900799934260057
Streptococcus_thermophilus 0.89633105104817 1.15357512705141 2.12508317175601e-13 0.997874559242336 0.962656188700616 0.830005913395723
Thermoanaerobacterium_thermosaccharolyticum 0.965763162717764 1.48791631033681 0.175852147460274 0.577421868913089 1.3936634260483 0.537862899387232
Turicibacter_sanguinis 1.84144921904639 3.05013529085034 1.81125605241713e-05 5.01579211142683e-05 2.14342631712238 1.53947212097039
Veillonella_parvula 0.0264301569460819 0.36721327743576 1 0.999999654550329 0.16475375425824 -0.111893440366076
Weissella_confusa 1.44581992913749 2.0498051521525 0.000214280472888969 0.00107428724761343 1.66899761668622 1.22264224158876
Weissella_viridescens 1.85275160451968 2.07013625205222 3.31495349885383e-06 1.59492437337927e-06 2.00443644044222 1.70106676859714
Weizmannia_coagulans 1.98791260066606 2.53354935421649 0.00237747974475604 0.00196066216308426 2.5860704527522 1.38975474857991
Akkermansia_muciniphila 0.333795818454827 0.681632145873436 8.17343928172398e-06 0.999999999998745 0.403683381007691 0.263908255901963
Chlamydia_pecorum 0.121568057215817 0.414794031613745 1 0.999931887883619 0.3369531212648 -0.093817006833166
Chlamydia_psittaci 0.183463615067367 0.504851510976587 0.0073258925362046 0.999999999999997 0.256838884476759 0.110088345657974
Chlamydia_suis 0.35682670465195 0.550793995177731 1 0.997392171075712 0.63551478483864 0.0781386244652595
Chlamydia_trachomatis 0.1545778216473 0.318889236289209 0.0911852706933221 0.999999993958526 0.221451609024177 0.0877040342704229
