5677.92023227978
-51584342.3750735
144017.302746049
90067.3360059862
-1925078.57544535
26222.4981314181
7480349.78715216
-35354748.3852579
27479681.5953491
3661.48706977013
-218684.0885885
-5381.09946783434
-4827.29267229137
-19148.6475758658
-1560.72402508525
2386.38174267409
-254.08122340472
1588.01822379995
615.865986474603
-4805.21638250964
-2419.90541936717
-8126.45687178041
3671.02606228051
-4743.05851295527
2633.21911764563
-116435.102439277
-5905.73685884231
122.500636562408
-219.683009222085
971.137374045049
0
-5880.47135409793
-13.5503824474081
24.4828541804522
